function [g] =UnitVectorsHardiCeitec()
g= [0 0.999996 0.00066489 -0.0250809 0.589757 -0.235285 -0.892617 0.796343 0.232839 0.935919 0.505164 0.345314 0.45654 -0.486224 -0.617281 -0.577223 -0.825672 0.894138 0.289295 0.114853 -0.799883 0.513209 -0.78884 0.948883 0.231911 -0.0197076 0.216086 0.773055 -0.160067 -0.146154 0.887872 -0.561905 -0.380081 -0.305727 -0.331451 -0.962757 -0.959518 0.452194 -0.772508 0.709013 -0.692809 0.681247 -0.140984 -0.740076 -0.101996 0.58317 -0.0869266 -0.550879 0.838167 0.362337 -0.183543 -0.720145 0.431979 0.50144 -0.170212 0.462309 0.384051 -0.712606 0.259155 5.263e-05 0.0360678 0.570478 -0.281629 0.720806 0.265891 0 0 0 0 0 0 0 0 0 
-0 -0.00203025 0.960849 0.412627 -0.807132 -0.733026 -0.353285 -0.0426907 0.814941 0.0458204 -0.764035 -0.703648 -0.43288 -0.59352 0.534473 0.127092 -0.561208 0.0882321 -0.301215 -0.857432 0.512663 0.759457 0.314728 -0.284542 0.592393 0.0945767 -0.973648 -0.634219 0.0859712 0.889296 0.348394 0.446179 -0.11874 0.0698867 -0.387284 -0.268746 0.144608 -0.873506 0.580066 0.232923 -0.179245 0.650575 -0.885124 0.221134 0.634463 -0.727526 -0.585138 -0.834179 -0.359305 -0.747662 0.629963 -0.669472 0.821009 0.51883 -0.254588 0.190521 -0.901619 -0.422338 0.958116 0.353593 -0.986507 -0.079665 0.405586 0.493066 0.946187 -0 -0 -0 -0 -0 -0 -0 -0 -0 
0 -0.00219634 -0.277072 -0.910554 -0.0269182 -0.638212 -0.280043 -0.603336 -0.530713 -0.349221 0.401323 0.620997 0.777294 -0.641342 -0.577324 0.806636 -0.0575471 0.439013 0.908613 0.501617 0.312031 -0.399803 0.527899 -0.136593 -0.771549 0.995322 0.0729163 -0.0123215 -0.983355 0.43335 -0.300508 0.696554 -0.9173 0.949551 -0.860321 0.0295726 -0.241688 0.180301 -0.258368 -0.665618 -0.698489 0.335641 -0.443486 -0.635127 -0.766194 -0.361412 -0.806261 -0.0260162 0.410337 -0.55652 0.754625 0.182202 0.37328 -0.692367 0.951952 -0.86601 -0.198967 -0.5602 0.121871 0.935399 -0.159696 0.817441 0.869589 -0.48716 -0.184476 0 0 0 0 0 0 0 0 0 ]';
end